-0.140000
0.056000
-0.108640
-0.029276
-0.138742
0.057111
-0.102582
-0.042177
-0.129285
0.032974
-0.122653
0.006997
-0.144329
0.068584
-0.094154
-0.060895
-0.110772
-0.009990
-0.130906
0.033699
-0.127092
0.017937
-0.141874
0.060022
-0.106978
-0.033590
-0.136444
0.051229
-0.108332
-0.029035
-0.138242
0.055683
-0.104248
-0.038486
-0.132189
0.040234
-0.117780
-0.005860
-0.145319
0.073120
-0.085531
-0.077186
-0.088096
-0.054208
-0.102295
-0.029175
-0.124791
0.020063
-0.131642
0.031764
-0.133043
0.033678
-0.133666
0.035023
-0.133067
0.033210
-0.134495
0.037313
-0.131367
0.028348
-0.137778
0.047008
-0.122521
0.004302
-0.146678
0.075785
-0.083311
-0.081465
-0.081400
-0.065374
-0.089087
-0.053914
-0.103815
-0.026003
-0.126487
0.024024
-0.130318
0.027719
-0.136032
0.042340
-0.126536
0.015081
-0.144096
0.066783
-0.097963
-0.053273
-0.119550
0.009694
-0.131458
0.032722
-0.130805
0.027638
-0.137440
0.046191
-0.123156
0.006002
-0.146416
0.074788
-0.085103
-0.078265
-0.086559
-0.056832
-0.099399
-0.034872
-0.121001
0.011253
-0.133701
0.038459
-0.126992
0.016898
-0.142950
0.063236
-0.102863
-0.042797
-0.129537
0.033713
-0.122053
0.005416
-0.144611
0.069611
-0.092467
-0.064226
-0.106591
-0.018868
-0.128199
0.027648
-0.129482
0.025005
-0.137998
0.048135
-0.120910
0.000200
-0.146941
0.077099
-0.080591
-0.086156
-0.073439
-0.077554
-0.071969
-0.081149
-0.067178
-0.087669
-0.056279
-0.101118
-0.031399
-0.123261
0.016469
-0.132678
0.035013
-0.130331
0.026032
-0.138638
0.049743
-0.119522
-0.003413
-0.146980
0.077680
-0.079067
-0.088688
-0.068938
-0.083901
-0.061933
-0.094534
-0.044026
-0.113499
-0.005615
-0.133698
0.040593
-0.122632
0.005699
-0.145607
0.072464
-0.088468
-0.071990
-0.096015
-0.039857
-0.115722
-0.000876
-0.134474
0.042103
-0.122134
0.004228
-0.145950
0.073662
-0.086466
-0.075711
-0.090485
-0.049994
-0.106645
-0.020343
-0.129444
0.031031
-0.127244
0.018747
-0.141179
0.057939
-0.109556
-0.027643
-0.139984
0.060411