-1.260545
-2.461859
-0.023832
-0.835522
-2.534156
-0.801569
-1.228619
-2.813004
-1.107486
-1.319742
-3.040460
-1.104449
4.042800
-3.102826
-1.158012
43.115265
-2.997715
-1.453842
31.965362
-1.620644
-2.328955
21.461690
-0.783525
-3.969266
15.552903
-0.510704
-16.280941
11.205299
-0.430500
-11.953919
8.359656
0.446513
-8.150165
4.728594
-0.705602
-6.460905
3.096381
-0.656121
-35.490988
2.771395
0.544065
-24.792339
2.223348
1.098416
-16.619778
2.134332
1.845400
-10.889011
2.307454
1.943578
-6.942312
0.914202
2.108336
-4.201733
1.276008
2.399110
-2.491915
-0.019346
1.742263
-0.920865
-0.906285
0.363600
-0.331828
-1.006037
-0.670839
-0.906065
-1.562032
-1.598074
-1.756118
-2.213356
-2.093514
-2.226030
-2.497320
-2.225915
-2.423482
-2.561014
-2.229247
-2.528216
-2.529662
-2.215078
-2.625845
-2.432869
-2.212091
-2.734103
-2.273934
-2.178113
-2.863577
-2.050098
-1.847843
-3.090825
-1.699830
21.556853
-1.955965
-4.611597
15.961037
-1.803684
-9.370195
10.902207
60.516167
-7.618534
4.668535
41.284667
-6.039331
-0.793546
28.150649
-4.339185
-36.655600
20.543840
-1.958447
-26.992131
13.289906
-0.400056
-19.406031
8.724230
0.250003
-13.751760
5.081206
-0.757157
-10.414448
4.198093
-1.354508
-8.463137
1.936660
0.003096
-5.991437
1.597451
0.884761
-3.517278
1.245006
1.958265
-1.728005
-0.298335
1.054236
-0.433592
-0.683331
0.049431
-0.290790
-0.808214
-0.754391
-0.947449
-1.450980
-1.638029
-1.789717
-2.131063
-2.159692
-2.230176
-2.430748
-2.319082
-2.397877
-2.516083
-2.336059
-2.472378
-2.520804
-2.320593
-2.531766
-2.483408
-2.311563
-2.594991
-2.409770
-2.319155
-2.659454
-2.304078
-2.336202
-2.718609
-2.176266
-2.341817
-2.775703
-2.035351
-2.294228
-2.857998
-1.871133
-2.010464
-3.056891
-1.598443
5.982133
-2.463085
-1.991726
3.209756
-1.997853
-16.303005
2.616002
-0.177100
-11.822945
2.439019
0.370893
-8.065371
0.571591
0.843927
-4.978996
1.241197
1.463914
-2.634698
0.145290
1.337107
-0.993942
-0.828701
0.136506
-0.596507
-1.197134
-0.931085